##MuTect:1.1.6-4-g69b7a37 Gatk:3.1-0-g72492bb
contig	position	context	ref_allele	alt_allele	tumor_name	normal_name	score	dbsnp_site	covered	power	tumor_power	normal_power	normal_power_nsp	normal_power_wsp	total_reads	map_Q0_reads	init_t_lod	t_lod_fstar	t_lod_fstar_forward	t_lod_fstar_reverse	tumor_f	contaminant_fraction	contaminant_lod	t_q20_count	t_ref_count	t_alt_count	t_ref_sum	t_alt_sum	t_ref_max_mapq	t_alt_max_mapq	t_ins_count	t_del_count	normal_best_gt	init_n_lod	normal_f	n_q20_count	n_ref_count	n_alt_count	n_ref_sum	n_alt_sum	power_to_detect_positive_strand_artifact	power_to_detect_negative_strand_artifact	strand_bias_counts	tumor_alt_fpir_median	tumor_alt_fpir_mad	tumor_alt_rpir_median	tumor_alt_rpir_mad	observed_in_normals_count	failure_reasons	judgement
chr4	55141055	CCCxGAT	A	G	15001181	none	0	NOVEL	COVERED	1	1	0	0	0	984	40	3831.534293	3831.534293	1952.80075	1946.566255	1	0.02	38.308201	921	0	942	0	33831	0	50	0	0	TT	-0.693147	0	0	0	0	0	0	1	1	(0,0,478,480)	83	0	39	0	0		KEEP
chr4	55152040	CGTxCTC	C	T	15001181	none	0	NOVEL	COVERED	1	1	0	0	0	969	24	-241.26464	16.550615	9.8623	6.636077	0.011665	0.02	16.545733	924	932	11	33529	371	50	50	0	0	TT	-0.693147	0	0	0	0	0	0	0.908325	0.834361	(424,539,6,5)	93	0	36	0	0	possible_contamination	REJECT
chr4	55152047	CTGxCAC	G	A	15001181	none	0	NOVEL	COVERED	1	1	0	0	0	969	24	-260.696221	7.123831	2.746285	4.79431	0.006376	0.02	7.121459	911	935	6	33030	193	50	50	0	0	TT	-0.693147	0	0	0	0	0	0	0.558862	0.469488	(427,538,3,4)	85	15	41	13	0	possible_contamination	REJECT
chr4	55593421	GCTxATT	G	A	15001181	none	0	NOVEL	COVERED	1	1	0	0	0	948	32	-253.834485	7.14649	2.867799	4.19096	0.005476	0.02	7.14649	884	908	5	31962	182	50	50	0	0	TT	-0.693147	0	0	0	0	0	0	0.427955	0.406117	(463,496,2,3)	40	0	87	0	0	possible_contamination	REJECT
chr4	55595487	TTCxTAT	T	G	15001181	none	0	NOVEL	COVERED	1	1	0	0	0	994	27	-227.106071	16.090264	0	38.985126	0.026042	0.02	15.322144	943	935	25	34641	502	50	50	0	3	TT	-0.693147	0	0	0	0	0	0	0.694966	0.999999	(873,65,0,25)	0	0	122	0	0	nearby_gap_events,possible_contamination,clustered_read_position,strand_artifact	REJECT
chr4	55595537	ATGxTGA	G	T	15001181	none	0	NOVEL	COVERED	1	1	0	0	0	987	31	-271.621538	4.035879	2.95335	1.093244	0.004193	0.02	5.762181	924	950	4	33781	132	50	50	0	0	TT	-0.693147	0	0	0	0	0	0	0.305508	0.252015	(419,543,2,2)	58.5	10.5	62	10	0	fstar_tumor_lod,possible_contamination	REJECT
chr4	55599389	CCTxCAA	G	A	15001181	none	0	NOVEL	COVERED	1	1	0	0	0	978	25	-266.304294	6.788635	4.88407	1.901486	0.005247	0.02	6.788635	933	948	5	34392	179	50	50	0	1	TT	-0.693147	0	0	0	0	0	0	0.388025	0.40061	(495,475,3,2)	106	0	10	0	0	possible_contamination,clustered_read_position	REJECT
chr7	55120226	CGTxCTG	G	A	15001181	none	0	NOVEL	COVERED	1	1	0	0	0	985	32	-267.471757	4.300289	0.830987	3.652962	0.005274	0.02	4.298321	918	943	5	33493	151	50	50	1	1	TT	-0.693147	0	0	0	0	0	0	0.425759	0.364392	(432,526,1,4)	39	1	90	0	0	fstar_tumor_lod,possible_contamination	REJECT
chr7	55120240	CCTxCTG	G	A	15001181	none	0	NOVEL	COVERED	1	1	0	0	0	985	32	-261.713544	6.809956	1.215627	5.986536	0.007368	0.02	6.807365	917	943	7	33825	205	50	50	0	3	TT	-0.693147	0	0	0	0	0	0	0.647932	0.562169	(433,525,1,6)	53	0	76	0	0	nearby_gap_events,possible_contamination	REJECT
chr7	55120301	GGTxCAT	G	A	15001181	none	0	NOVEL	COVERED	1	1	0	0	0	538	3	-144.086468	5.324681	0	5.327742	0.007533	0.02	5.324681	507	527	4	18523	135	50	50	0	0	TT	-0.693147	0	0	0	0	0	0	0.662795	0.338916	(1,526,0,4)	114	0	15	0	0	fstar_tumor_lod,possible_contamination	REJECT
chr7	55121136	TGTxAAG	G	T	15001181	none	0	NOVEL	COVERED	1	1	0	0	0	966	154	-198.131076	4.3471	0	7.334203	0.027363	0.02	8.634857	752	782	22	26923	332	50	50	0	0	TT	-0.693147	0	0	0	0	0	0	0.9998	0.990092	(312,503,0,23)	38	0	89	0	0	fstar_tumor_lod,possible_contamination,strand_artifact	REJECT
chr7	55121188	TAAxTTG	G	A	15001181	none	0	NOVEL	COVERED	1	1	0	0	0	966	154	-225.414416	4.031646	1.356539	2.600356	0.006227	0.02	4.017506	764	798	5	27559	134	50	50	0	0	TT	-0.693147	0	0	0	0	0	0	0.527754	0.34923	(311,520,1,4)	90	0	37	0	0	fstar_tumor_lod,possible_contamination	REJECT
chr7	55125312	GTGxAAA	C	T	15001181	none	0	NOVEL	COVERED	1	1	0	0	0	955	30	-258.124024	5.847278	2.879591	2.820084	0.006486	0.02	5.847278	909	919	6	33577	173	50	50	0	0	TT	-0.693147	0	0	0	0	0	0	0.544359	0.5017	(456,508,2,4)	79	0	44	0	0	fstar_tumor_lod,possible_contamination	REJECT
chr7	55158248	AAAxGGG	A	G	15001181	none	0	NOVEL	COVERED	1	1	0	0	0	973	31	-261.660354	7.869052	1.189413	6.981473	0.005313	0.02	7.866761	927	936	5	34250	190	50	50	0	2	TT	-0.693147	0	0	0	0	0	0	0.412916	0.38593	(461,502,1,4)	46	0	68	0	0	possible_contamination	REJECT
chr7	55181338	ATCxAAA	C	T	15001181	none	0	NOVEL	COVERED	1	1	0	0	0	572	10	-156.212428	4.727411	0	4.736656	0.005338	0.02	4.727411	553	559	3	20373	114	50	50	2	0	TT	-0.693147	0	0	0	0	0	0	0.452871	0.036834	(4,555,0,3)	110	0	12	0	0	fstar_tumor_lod,possible_contamination	REJECT
chr7	55186202	CCGxCTG	G	A	15001181	none	0	NOVEL	COVERED	1	1	0	0	0	982	36	-267.240998	4.486164	5.67386	0	0.005285	0.02	4.486164	916	941	5	32839	147	50	50	0	3	TT	-0.693147	0	0	0	0	0	0	0.396438	0.394008	(475,483,5,0)	78	0	45	0	0	fstar_tumor_lod,nearby_gap_events,possible_contamination	REJECT
chr7	55220177	GACxTCC	A	G	15001181	none	0	NOVEL	COVERED	1	1	0	0	0	985	19	1864.376436	1865.61642	913.738173	970.908482	0.538462	0.02	40.699856	956	444	518	16269	19069	50	50	0	1	TT	-0.693147	0	0	0	0	0	0	1	1	(227,225,255,269)	58	0	48	0	0		KEEP
chr7	55220183	CCTxGGA	G	T	15001181	none	0	NOVEL	COVERED	1	1	0	0	0	985	19	-275.710088	2.988336	1.090412	1.853603	0.004162	0.02	4.836369	944	957	4	34587	114	50	50	0	1	TT	-0.693147	0	0	0	0	0	0	0.278397	0.274292	(481,490,2,3)	64	0	42	0	0	fstar_tumor_lod,possible_contamination	REJECT
chr7	55221224	GTGxGTG	C	T	15001181	none	0	NOVEL	COVERED	1	1	0	0	0	970	39	-261.235102	5.170174	0.929698	4.261039	0.005388	0.02	5.168341	912	923	5	33267	155	50	50	0	0	TT	-0.693147	0	0	0	0	0	0	0.42376	0.386032	(446,507,2,3)	70	0	58	0	0	fstar_tumor_lod,possible_contamination	REJECT
chr7	55221280	ACGxCAT	G	A	15001181	none	0	NOVEL	COVERED	1	1	0	0	0	518	7	-138.722949	4.800192	0	4.800192	0.007859	0.02	4.79746	494	505	4	17972	124	50	50	0	0	TT	-0.693147	0	0	0	0	0	0	0.671435	0	(0,505,0,4)	126	0	2	0	0	fstar_tumor_lod,possible_contamination,clustered_read_position	REJECT
chr7	55228053	TTTxGTT	A	T	15001181	none	0	NOVEL	COVERED	1	1	0	0	0	939	16	1199.690514	1210.198007	701.260325	582.808298	0.38587	0.02	38.497084	912	565	355	20861	13073	50	50	0	0	TT	-0.693147	0	0	0	0	0	0	1	1	(317,287,207,170)	86	0	33	0	0		KEEP
chr7	55249160	GTGxAGA	C	T	15001181	none	0	NOVEL	COVERED	1	1	0	0	0	986	35	-265.089349	4.837622	4.0059	1.062363	0.006342	0.02	4.837622	905	940	6	32409	163	50	50	0	0	TT	-0.693147	0	0	0	0	0	0	0.532472	0.480595	(442,511,4,2)	88	0	40	0	0	fstar_tumor_lod,possible_contamination	REJECT
chr7	55249192	ATAxGGG	C	T	15001181	none	0	NOVEL	COVERED	1	1	0	0	0	987	35	-263.469967	7.756955	2.904741	4.840915	0.00528	0.02	7.756955	929	942	5	34067	189	50	50	0	2	TT	-0.693147	0	0	0	0	0	0	0.415173	0.37438	(443,512,2,3)	120	0	8	0	0	possible_contamination,clustered_read_position	REJECT
chr7	55259515	GGCxGGC	T	G	15001181	none	0	NOVEL	COVERED	1	1	0	0	0	673	28	498.664449	532.867127	385.730771	362.312948	0.25741	0.02	25.415454	642	476	165	17715	6129	50	50	0	1	TT	-0.693147	0	0	0	0	0	0	1	1	(372,354,121,120)	30	0	99	0	0		KEEP
chr7	55259554	ATGxAGA	C	T	15001181	none	0	NOVEL	COVERED	1	1	0	0	0	673	28	-176.478227	6.467846	4.792171	6.699109	0.006221	0.02	6.462481	641	639	4	23655	151	50	50	0	0	TT	-0.693147	0	0	0	0	0	0	0.488625	0.503757	(492,470,3,4)	69	0	60	0	0	possible_contamination	REJECT
chr7	61088733	GTAxAAC	A	T	15001181	none	0	NOVEL	COVERED	1	1	0	0	0	1000	9	384.258439	396.557718	396.557718	0	0.955752	0.02	40.497379	980	5	108	188	3542	50	50	0	0	TT	-0.693147	0	0	0	0	0	0	0	1	(5,0,108,0)	11	0	112	0	0		KEEP
chr7	61088744	TATxTTC	T	C	15001181	none	0	NOVEL	COVERED	1	1	0	0	0	990	9	473.246369	472.665282	320.937378	172.938495	0.978873	0.02	40.590626	950	3	139	33	4124	50	50	0	0	TT	-0.693147	0	0	0	0	0	0	1	1	(3,0,102,43)	22	0	101	1	0		KEEP
chr7	61088797	TTCxATT	C	A	15001181	none	0	NOVEL	COVERED	1	1	0	0	0	951	22	-155.164829	1.040678	-0.233748	1.148049	0.003738	0.02	4.016786	920	533	2	19779	49	50	50	0	0	TT	-0.693147	0	0	0	0	0	0	0.237056	0.066843	(58,508,1,1)	62.5	12.5	60	12	0	fstar_tumor_lod,possible_contamination	REJECT
chr7	61088813	GAGxTGA	C	T	15001181	none	0	NOVEL	COVERED	1	1	0	0	0	951	22	2213.516529	2214.260524	184.280317	2147.028236	0.998134	0.02	38.45412	915	1	535	34	19626	50	50	0	1	TT	-0.693147	0	0	0	0	0	0	1	1	(1,0,56,508)	66	0	56	0	0		KEEP
chr7	63370703	TGGxTGA	C	T	15001181	none	0	NOVEL	COVERED	1	1	0	0	0	1000	60	-257.455033	9.327341	9.327341	0	0.00639	0.02	9.327341	931	933	6	34001	222	50	50	0	0	TT	-0.693147	0	0	0	0	0	0	0	0.794388	(933,0,6,0)	4	0	119	0	0	possible_contamination,clustered_read_position	REJECT
chr7	63487864	TCAxAAT	C	T	15001181	none	0	NOVEL	COVERED	1	1	0	0	0	961	36	-252.774109	9.371173	7.025011	2.420791	0.006494	0.02	9.371173	902	918	6	33161	222	50	50	0	0	TT	-0.693147	0	0	0	0	0	0	0.53408	0.508768	(462,495,4,2)	55	0	72	0	0	possible_contamination	REJECT
chr7	63488901	CTGxTGG	T	C	15001181	none	0	NOVEL	COVERED	1	1	0	0	0	941	39	-233.805705	15.335566	10.707646	4.727192	0.009989	0.02	15.335566	886	892	9	32399	329	50	50	0	0	TT	-0.693147	0	0	0	0	0	0	0.826425	0.757628	(433,518,6,3)	74	0	51	0	0	possible_contamination	REJECT
chr7	63542866	ACCxGTT	G	T	15001181	none	0	NOVEL	COVERED	1	1	0	0	0	977	29	-263.143738	7.466864	2.56109	4.889185	0.005291	0.02	7.466864	928	940	5	33183	186	50	50	0	0	TT	-0.693147	0	0	0	0	0	0	0.406147	0.389726	(470,493,2,3)	80	0	43	0	0	possible_contamination	REJECT
chr7	65425973	CTCxCAA	G	A	15001181	none	0	NOVEL	COVERED	1	1	0	0	0	982	290	-191.676901	4.084267	1.320956	2.880306	0.005806	0.02	4.084267	598	685	4	21315	127	50	50	0	1	TT	-0.693147	0	0	0	0	0	0	0.368722	0.3413	(338,365,1,3)	13	0	94	0	0	fstar_tumor_lod,possible_contamination	REJECT
chr7	65426054	CTAxAAA	C	A	15001181	none	0	NOVEL	COVERED	1	1	0	0	0	973	290	-61.032977	58.802632	0	77.762233	0.087977	0.02	25.608922	569	622	60	18687	1152	50	50	173	150	TT	-0.693147	0	0	0	0	0	0	1	1	(339,301,0,63)	94	0	13	0	0	nearby_gap_events,strand_artifact	REJECT
chr7	65427221	GGGxTGA	C	T	15001181	none	0	NOVEL	COVERED	1	1	0	0	0	980	38	-261.498864	7.771555	1.175336	6.96352	0.005313	0.02	7.771555	910	936	5	32812	189	50	50	0	0	TT	-0.693147	0	0	0	0	0	0	0.398867	0.396415	(477,479,1,4)	71	0	34	0	0	possible_contamination	REJECT
chr7	65429098	TTTxACC	G	T	15001181	none	0	NOVEL	COVERED	1	1	0	0	0	1000	14	-234.849945	5.762009	5.762009	0	0.032454	0.02	4.839444	838	954	32	27271	452	50	50	0	1	TT	-0.693147	0	0	0	0	0	0	0	1	(954,0,32,0)	16	0	110	0	0	fstar_tumor_lod,possible_contamination	REJECT
chr7	65429122	GCCxGAT	T	C	15001181	none	0	NOVEL	COVERED	1	1	0	0	0	907	112	-224.371322	4.175459	0.81305	3.081937	0.005031	0.02	4.175459	740	791	4	26445	123	50	50	1	0	TT	-0.693147	0	0	0	0	0	0	0.32323	0.367725	(479,404,3,2)	31.5	8.5	93	7	0	fstar_tumor_lod,possible_contamination	REJECT
chr7	65429132	TTTxCTA	C	T	15001181	none	0	NOVEL	COVERED	1	1	0	0	0	899	112	-181.240195	4.48253	14.83699	0	0.038168	0.02	2.459853	657	756	30	23603	403	50	50	0	0	TT	-0.693147	0	0	0	0	0	0	0.999947	0.999994	(443,405,37,0)	50	0	76	0	0	fstar_tumor_lod,possible_contamination,strand_artifact	REJECT
chr7	65429159	TTTxCTA	C	T	15001181	none	0	NOVEL	COVERED	1	1	0	0	0	898	112	-146.270147	15.805902	32.932924	0	0.061224	0.02	7.319394	642	736	48	22935	664	50	50	0	0	TT	-0.693147	0	0	0	0	0	0	1	1	(422,406,57,0)	77	0	49	0	0	strand_artifact	REJECT
chr7	65429195	AAAxCAG	C	A	15001181	none	0	NOVEL	COVERED	1	1	0	0	0	902	112	-162.344367	13.615612	26.946104	0	0.048162	0.02	8.771421	694	751	38	24863	569	50	50	1	0	TT	-0.693147	0	0	0	0	0	0	0.999999	1	(437,406,44,0)	113	0	13	0	0	possible_contamination,strand_artifact	REJECT
chr7	65429206	CCCxACT	A	C	15001181	none	0	NOVEL	COVERED	1	1	0	0	0	898	112	-161.312592	11.807446	22.968038	0	0.050891	0.02	7.843678	664	746	40	24092	559	50	50	0	1	TT	-0.693147	0	0	0	0	0	0	0.999999	1	(432,406,50,0)	124	0	2	0	0	possible_contamination,clustered_read_position,strand_artifact	REJECT
chr7	65432063	AACxCAG	C	A	15001181	none	0	NOVEL	COVERED	1	1	0	0	0	1000	48	-282.047958	-0.021978	-0.021978	0	0.001055	0.02	6.493666	943	947	1	34893	27	50	50	0	1	TT	-0.693147	0	0	0	0	0	0	0	0.040013	(947,0,1,0)	0	0	123	0	0	fstar_tumor_lod,possible_contamination,clustered_read_position	REJECT
chr7	65432068	AGGxGAG	A	G	15001181	none	0	NOVEL	COVERED	1	1	0	0	0	1000	48	-281.278383	0.607574	0.607574	0	0.001055	0.02	6.857552	945	947	1	35228	35	50	50	0	1	TT	-0.693147	0	0	0	0	0	0	0	0.040013	(947,0,1,0)	5	0	118	0	0	fstar_tumor_lod,possible_contamination,clustered_read_position	REJECT
chr7	65432070	GAGxGAG	A	G	15001181	none	0	NOVEL	COVERED	1	1	0	0	0	1000	48	-281.424306	0.517585	0.517585	0	0.001055	0.02	6.956211	949	947	1	35248	34	50	50	0	1	TT	-0.693147	0	0	0	0	0	0	0	0.040013	(947,0,1,0)	7	0	116	0	0	fstar_tumor_lod,possible_contamination,clustered_read_position	REJECT
chr7	65432106	TTAxGGC	G	T	15001181	none	0	NOVEL	COVERED	1	1	0	0	0	977	26	-268.890179	2.741794	2.912097	0.201171	0.006329	0.02	6.32499	934	942	6	34413	135	50	50	0	0	TT	-0.693147	0	0	0	0	0	0	0.541958	0.47299	(439,525,2,5)	27	1.5	102	0	0	fstar_tumor_lod,possible_contamination	REJECT
chr7	65432172	GGTxCAG	G	A	15001181	none	0	NOVEL	COVERED	1	1	0	0	0	977	27	-266.516758	5.92059	5.043999	1.045618	0.005274	0.02	6.489185	936	943	5	34659	163	50	50	2	0	TT	-0.693147	0	0	0	0	0	0	0.423332	0.368184	(437,528,3,2)	109	0	14	0	0	fstar_tumor_lod,possible_contamination	REJECT
chr7	65436136	CACxGGA	A	C	15001181	none	0	NOVEL	COVERED	1	1	0	0	0	987	24	1879.569053	1881.611551	805.470545	1103.385116	0.549634	0.02	40.736137	947	431	526	15629	19169	50	50	0	0	TT	-0.693147	0	0	0	0	0	0	1	1	(166,270,222,312)	17	0	109	0	0		KEEP
chr7	65436185	CAAxCAA	G	A	15001181	none	0	NOVEL	COVERED	1	1	0	0	0	987	25	-276.226426	2.786789	1.263406	1.507601	0.003138	0.02	5.737848	954	953	3	35159	100	50	50	0	0	TT	-0.693147	0	0	0	0	0	0	0.201143	0.148664	(387,579,1,2)	66	0	60	0	0	fstar_tumor_lod,possible_contamination	REJECT
chr7	65439879	CCCxACA	G	C	15001181	none	0	NOVEL	COVERED	1	1	0	0	0	980	35	3678.107073	3691.274803	1752.253673	2001.629349	0.991407	0.02	38.326781	914	8	923	293	32720	50	50	0	4	TT	-0.693147	0	0	0	0	0	0	1	1	(3,5,419,520)	1	0	127	0	0	nearby_gap_events,clustered_read_position	REJECT
chr7	65440164	TGGxCCT	G	A	15001181	none	0	NOVEL	COVERED	1	1	0	0	0	974	65	-253.84206	5.916999	1.257895	4.799154	0.005507	0.02	5.916999	887	903	5	32428	168	50	50	0	2	TT	-0.693147	0	0	0	0	0	0	0.460138	0.358757	(392,537,1,4)	61	0	68	0	0	fstar_tumor_lod,possible_contamination	REJECT
chr7	65440167	GCCxGTA	T	C	15001181	none	0	NOVEL	COVERED	1	1	0	0	0	974	65	-254.714298	5.022648	2.431511	2.531478	0.005519	0.02	5.022648	883	901	5	32066	153	50	50	0	2	TT	-0.693147	0	0	0	0	0	0	0.46155	0.359877	(389,538,2,3)	64	0	65	0	0	fstar_tumor_lod,possible_contamination	REJECT
chr7	116312986	AGCxGGC	T	C	15001181	none	0	NOVEL	COVERED	1	1	0	0	0	976	30	1459.702854	1461.799266	793.382218	704.133917	0.449735	0.02	38.287439	934	520	425	19231	15416	50	50	0	0	TT	-0.693147	0	0	0	0	0	0	1	1	(264,269,228,208)	34	0	88	0	0		KEEP
chr7	116314011	TTAxATC	C	T	15001181	none	0	NOVEL	COVERED	1	1	0	0	0	948	25	-250.765265	9.439529	1.069497	8.775143	0.007592	0.02	9.43662	911	915	7	33705	233	50	50	0	0	TT	-0.693147	0	0	0	0	0	0	0.613718	0.643379	(502,465,2,5)	98	0	22	0	0	possible_contamination	REJECT
chr7	116315901	ATTxTGC	C	A	15001181	none	0	NOVEL	COVERED	1	1	0	0	0	1000	62	-252.484014	11.943321	11.943321	0	0.007463	0.02	11.943321	937	931	7	34958	265	50	50	0	1	TT	-0.693147	0	0	0	0	0	0	0	0.877503	(931,0,7,0)	12	0	110	0	0	possible_contamination	REJECT
chr7	116319002	TCAxTAA	A	G	15001181	none	0	NOVEL	COVERED	1	1	0	0	0	521	14	2117.528738	2120.421337	0	2120.421337	0.996047	0.02	21.432008	506	2	504	76	18857	50	50	0	0	TT	-0.693147	0	0	0	0	0	0	1	0	(0,2,0,504)	115	0	7	0	0	clustered_read_position	REJECT
chr7	116346841	AAGxCAC	T	A	15001181	none	0	NOVEL	COVERED	0.999895	0.999895	0	0	0	997	904	-9.836967	4.577922	0	4.892331	0.107527	0.02	-0.123034	43	83	10	1871	131	50	50	0	0	TT	-0.693147	0	0	0	0	0	0	0.99923	0.611865	(10,76,0,10)	2	0	120	0	0	fstar_tumor_lod,possible_contamination,clustered_read_position,poor_mapping_region_mapq0	REJECT
chr7	116346842	AGTxACA	C	A	15001181	none	0	NOVEL	COVERED	0.999895	0.999895	0	0	0	997	904	10.19968	18.278771	0	18.936044	0.195652	0.02	1.095843	44	74	18	1659	292	50	50	0	0	TT	-0.693147	0	0	0	0	0	0	1	0.837433	(10,67,0,18)	3	0	119	0	0	clustered_read_position,poor_mapping_region_mapq0	REJECT
chr7	116346844	TCAxATC	C	A	15001181	none	0	NOVEL	COVERED	0.999907	0.999907	0	0	0	995	901	-5.026272	7.616405	0	8.675848	0.129032	0.02	0.792817	44	81	12	1817	170	50	50	0	0	TT	-0.693147	0	0	0	0	0	0	0.99991	0.683236	(10,75,0,13)	4.5	0.5	117	0	0	clustered_read_position,poor_mapping_region_mapq0	REJECT
chr7	116346849	TCTxCAG	C	A	15001181	none	0	NOVEL	COVERED	0.99994	0.99994	0	0	0	996	899	-14.648608	4.564681	0	4.718731	0.061856	0.02	1.055363	50	91	6	1932	111	50	50	0	0	TT	-0.693147	0	0	0	0	0	0	0.975707	0.413017	(10,85,0,6)	10	0	112	0	0	fstar_tumor_lod,possible_contamination,clustered_read_position,poor_mapping_region_mapq0	REJECT
chr7	116346855	GCGxCCA	T	G	15001181	none	0	NOVEL	COVERED	0.999956	0.999956	0	0	0	996	897	-4.111577	8.132816	0	8.475438	0.131868	0.02	0.906836	53	79	12	1884	174	50	50	0	1	TT	-0.693147	0	0	0	0	0	0	0.999953	0.691741	(10,73,0,12)	16	0.5	106	0	0	poor_mapping_region_mapq0	REJECT
chr7	116346892	AAAxGAA	T	G	15001181	none	0	NOVEL	COVERED	0.999956	0.999956	0	0	0	996	897	-14.024638	4.736538	0	4.906255	0.071429	0.02	0.648116	68	91	7	2409	119	50	50	0	0	TT	-0.693147	0	0	0	0	0	0	0.989696	0.460722	(10,85,0,7)	52	1	69	0	0	fstar_tumor_lod,possible_contamination,poor_mapping_region_mapq0	REJECT
chr7	116346922	AGTxATT	C	A	15001181	none	0	NOVEL	COVERED	0.999948	0.999948	0	0	0	995	897	2.672654	12.140426	0	13.500411	0.183673	0.02	0.946796	48	80	18	1773	235	50	50	0	0	TT	-0.693147	0	0	0	0	0	0	1	0.815902	(10,74,0,19)	83	0	39	0	0	poor_mapping_region_mapq0	REJECT
chr7	116346931	AACxCCT	T	A	15001181	none	0	NOVEL	COVERED	0.999948	0.999948	0	0	0	995	897	12.348175	22.786348	0	23.254691	0.163265	0.02	0.74744	59	82	16	1818	339	50	50	0	0	TT	-0.693147	0	0	0	0	0	0	0.999998	0.773493	(10,76,0,16)	90.5	1.5	30	0	0	poor_mapping_region_mapq0	REJECT
chr7	116346953	TTTxTTT	T	A	15001181	none	0	NOVEL	COVERED	0.999895	0.999895	0	0	0	93	0	-19.439458	4.362151	0	4.362151	0.021505	0.02	1.772049	93	91	2	3447	76	50	50	6	2	TT	-0.693147	0	0	0	0	0	0	0.59124	0	(0,91,0,2)	113	0	8	0	0	fstar_tumor_lod,nearby_gap_events,possible_contamination,clustered_read_position	REJECT
chr7	116422173	GTGxCAC	C	T	15001181	none	0	NOVEL	COVERED	1	1	0	0	0	987	32	-263.725559	7.886149	2.963623	4.923673	0.006296	0.02	7.886149	939	947	6	34316	201	50	50	0	0	TT	-0.693147	0	0	0	0	0	0	0.516114	0.490043	(464,496,2,4)	97	0	28	0	0	possible_contamination	REJECT
chr7	116427985	GTCxATC	C	T	15001181	none	0	NOVEL	COVERED	1	1	0	0	0	937	61	-242.613795	7.432102	3.159741	6.189761	0.005708	0.02	7.432102	855	871	5	31229	184	50	50	0	0	TT	-0.693147	0	0	0	0	0	0	0.503869	0.36008	(369,564,2,4)	78	0	46	0	0	possible_contamination	REJECT
chr10	43617405	TCCxGTT	A	C	15001181	none	0	NOVEL	COVERED	1	1	0	0	0	984	134	-219.254038	5.059293	8.051081	0	0.016647	0.02	5.059293	754	827	14	27358	263	50	50	0	0	TT	-0.693147	0	0	0	0	0	0	0.960507	0.95757	(407,436,14,0)	48	0	74	0	0	fstar_tumor_lod,possible_contamination,strand_artifact	REJECT
chr10	43617436	TTTxATC	G	T	15001181	none	0	NOVEL	COVERED	1	1	0	0	0	984	134	-190.050682	4.172027	12.214352	0	0.044759	0.02	2.179537	705	811	38	24916	465	50	50	0	1	TT	-0.693147	0	0	0	0	0	0	0.999998	0.999998	(390,437,38,0)	79	0	43	0	0	fstar_tumor_lod,possible_contamination,strand_artifact	REJECT
chr14	105246571	GTGxTGA	G	A	15001181	none	0	NOVEL	COVERED	1	1	0	0	0	993	45	-266.132671	5.139347	1.046259	4.120343	0.005291	0.02	5.137463	913	940	5	33120	155	50	50	0	0	TT	-0.693147	0	0	0	0	0	0	0.495569	0.286718	(324,622,1,4)	70	0	58	0	0	fstar_tumor_lod,possible_contamination	REJECT
chr14	105246582	CACxCAC	G	A	15001181	none	0	NOVEL	COVERED	1	1	0	0	0	993	45	-264.775442	5.931345	1.286327	4.593246	0.005302	0.02	5.931345	915	938	5	32965	163	50	50	0	0	TT	-0.693147	0	0	0	0	0	0	0.496959	0.287624	(323,621,2,3)	82	0	47	0	0	fstar_tumor_lod,possible_contamination	REJECT
chr14	105246619	CAGxCAG	G	A	15001181	none	0	NOVEL	COVERED	1	1	0	0	0	641	12	-169.477757	4.912229	0	4.912229	0.008039	0.02	4.905977	589	617	5	21085	149	50	50	0	1	TT	-0.693147	0	0	0	0	0	0	0.771578	0	(0,617,0,5)	118	0	10	0	0	fstar_tumor_lod,possible_contamination,clustered_read_position	REJECT
chr17	7572259	TGGxATG	G	T	15001181	none	0	NOVEL	COVERED	1	1	0	0	0	954	39	-258.220207	5.373016	2.524994	2.764811	0.004381	0.02	7.238483	908	909	4	33555	146	50	50	0	1	TT	-0.693147	0	0	0	0	0	0	0.290864	0.301519	(490,465,2,2)	17	0	106	0	0	fstar_tumor_lod,possible_contamination	REJECT
chr17	7572296	CACxAAG	C	T	15001181	none	0	NOVEL	COVERED	1	1	0	0	0	953	39	-258.128473	4.045063	0.931294	2.963802	0.005488	0.02	4.041921	901	906	5	32948	136	50	50	0	1	TT	-0.693147	0	0	0	0	0	0	0.407375	0.423504	(488,464,3,2)	54	0	69	0	0	fstar_tumor_lod,possible_contamination	REJECT
chr17	7574023	TCAxGCC	C	T	15001181	none	0	NOVEL	COVERED	1	1	0	0	0	968	23	-263.306124	7.464304	4.670286	2.753716	0.005291	0.02	7.464304	933	940	5	34269	186	50	50	0	0	TT	-0.693147	0	0	0	0	0	0	0.390338	0.409177	(501,471,3,2)	14	0	107	0	0	possible_contamination	REJECT
chr17	7576894	TTGxCTG	G	A	15001181	none	0	NOVEL	COVERED	1	1	0	0	0	983	39	-268.43183	2.935122	1.112612	1.832511	0.005308	0.02	4.740709	922	937	5	33685	125	50	50	0	1	TT	-0.693147	0	0	0	0	0	0	0.419596	0.371555	(439,514,1,4)	38	0	90	0	0	fstar_tumor_lod,possible_contamination	REJECT
chr17	7576897	GCTxGGG	G	A	15001181	none	0	NOVEL	COVERED	1	1	0	0	0	981	39	11.130273	182.713645	93.437884	91.9873	0.077742	0.02	38.340654	928	866	73	31404	2589	50	50	0	1	TT	-0.693147	0	0	0	0	0	0	1	1	(402,479,36,38)	41	0	87	0	0		KEEP
chr17	7577069	TTGxGGA	C	T	15001181	none	0	NOVEL	COVERED	1	1	0	0	0	942	44	-249.076092	5.909681	2.844007	2.907639	0.006696	0.02	5.907651	856	890	6	30745	173	50	50	0	0	TT	-0.693147	0	0	0	0	0	0	0.555243	0.520214	(452,496,4,2)	42	0	85	0	0	fstar_tumor_lod,possible_contamination	REJECT
chr17	7577082	CTTxCTC	C	A	15001181	none	0	NOVEL	COVERED	1	1	0	0	0	941	44	541.991355	603.00284	339.886902	303.081048	0.227679	0.02	36.133271	869	692	204	24491	7143	50	50	0	0	TT	-0.693147	0	0	0	0	0	0	1	1	(340,395,115,104)	55	0	72	0	0		KEEP
chr17	7577090	GTGxGCC	C	T	15001181	none	0	NOVEL	COVERED	1	1	0	0	0	942	44	-250.322172	4.014005	2.692663	3.012959	0.006719	0.02	4.012021	862	887	6	30911	152	50	50	0	0	TT	-0.693147	0	0	0	0	0	0	0.557473	0.522346	(452,492,3,4)	63	0	64	0	0	fstar_tumor_lod,possible_contamination	REJECT
chr17	7577547	ATGxCGC	C	T	15001181	none	0	NOVEL	COVERED	1	1	0	0	0	564	4	-151.654569	6.313206	0	6.313206	0.007143	0.02	6.313206	543	556	4	19478	147	50	50	0	0	TT	-0.693147	0	0	0	0	0	0	0.648907	0	(0,556,0,4)	112	0	11	0	0	possible_contamination	REJECT
chr17	7578244	ACAxGCA	C	T	15001181	none	0	NOVEL	COVERED	1	1	0	0	0	975	35	-259.906476	7.817851	6.934341	2.555776	0.006383	0.02	7.817851	925	934	6	33814	200	50	50	0	0	TT	-0.693147	0	0	0	0	0	0	0.504156	0.517375	(487,471,4,3)	27	0	89	0	0	possible_contamination	REJECT
chr17	7578245	CACxCAA	G	A	15001181	none	0	NOVEL	COVERED	1	1	0	0	0	975	35	-260.387624	7.291882	4.704002	2.566748	0.005348	0.02	7.291882	916	930	5	33596	184	50	50	0	0	TT	-0.693147	0	0	0	0	0	0	0.396969	0.407493	(488,467,3,2)	28	0	88	0	0	possible_contamination	REJECT
chr17	7578455	TGGxGCG	C	T	15001181	none	0	NOVEL	COVERED	1	1	0	0	0	962	40	-261.196013	3.303009	4.535803	-0.412583	0.005429	0.02	5.253228	891	916	5	32198	133	50	50	0	1	TT	-0.693147	0	0	0	0	0	0	0.444619	0.373735	(421,533,4,1)	70	0	59	0	0	fstar_tumor_lod,possible_contamination	REJECT
chr17	7579265	ACGxCCA	G	A	15001181	none	0	NOVEL	COVERED	1	1	0	0	0	990	39	-254.698388	10.723274	6.77557	3.913962	0.008448	0.02	10.720099	926	939	8	33928	263	50	50	0	0	TT	-0.693147	0	0	0	0	0	0	0.692125	0.692125	(476,473,4,4)	8	0	107	0	0	possible_contamination,clustered_read_position	REJECT
chr17	7579310	CTGxCCG	A	G	15001181	none	0	NOVEL	COVERED	1	1	0	0	0	989	39	-265.379595	5.666047	1.17388	4.744469	0.006329	0.02	5.664093	935	942	6	34373	170	50	50	0	0	TT	-0.693147	0	0	0	0	0	0	0.503404	0.503404	(478,474,1,5)	53	0	62	0	0	fstar_tumor_lod,possible_contamination	REJECT
chr17	7579472	ACGxGGG	G	C	15001181	none	0	NOVEL	COVERED	1	1	0	0	0	988	42	3597.486592	3627.537444	1976.467112	1690.280107	0.984093	0.02	38.31333	912	15	928	563	32199	50	50	0	1	TT	-0.693147	0	0	0	0	0	0	1	1	(9,7,481,458)	7	0	114	0	0	clustered_read_position	REJECT
chr17	21075391	CCTxCTG	G	A	15001181	none	0	NOVEL	COVERED	1	1	0	0	0	978	35	-261.849697	7.278979	4.820747	2.489473	0.005319	0.02	7.276692	917	935	5	33285	184	50	50	0	0	TT	-0.693147	0	0	0	0	0	0	0.418442	0.379017	(446,510,3,2)	87	0	40	0	0	possible_contamination	REJECT
chr17	21075408	TGGxCGT	G	A	15001181	none	0	NOVEL	COVERED	1	1	0	0	0	979	35	-263.48339	6.01724	2.895912	3.076236	0.005313	0.02	6.015153	911	936	5	32580	169	50	50	0	0	TT	-0.693147	0	0	0	0	0	0	0.417799	0.37844	(448,509,2,3)	76	0	53	0	0	fstar_tumor_lod,possible_contamination	REJECT
chr17	21075410	GGCxTCT	G	A	15001181	none	0	NOVEL	COVERED	1	1	0	0	0	979	35	-264.313375	5.934399	1.127006	4.843059	0.005313	0.02	5.932494	924	936	5	33664	163	50	50	0	1	TT	-0.693147	0	0	0	0	0	0	0.417799	0.37844	(446,511,2,3)	78	0	51	0	0	fstar_tumor_lod,possible_contamination	REJECT
chr17	21075431	CTGxTGC	C	T	15001181	none	0	NOVEL	COVERED	1	1	0	0	0	976	35	-263.561024	5.74255	2.90106	2.779248	0.00533	0.02	5.740641	914	933	5	32897	161	50	50	0	0	TT	-0.693147	0	0	0	0	0	0	0.419733	0.378278	(445,509,2,3)	99	0	30	0	0	fstar_tumor_lod,possible_contamination	REJECT
chr17	21075445	GCGxGGG	C	T	15001181	none	0	NOVEL	COVERED	1	1	0	0	0	526	11	-137.909124	6.364717	0	6.364717	0.007782	0.02	6.361371	493	510	4	17692	146	50	50	0	0	TT	-0.693147	0	0	0	0	0	0	0.668406	0	(0,510,0,4)	113	0	16	0	0	possible_contamination	REJECT
chr17	21081549	AATxTGC	G	A	15001181	none	0	NOVEL	COVERED	1	1	0	0	0	973	36	-263.917175	4.863467	1.172256	5.665638	0.005342	0.02	4.863467	916	931	5	33514	152	50	50	0	0	TT	-0.693147	0	0	0	0	0	0	0.401933	0.400697	(480,477,1,5)	51	0	75	0	0	fstar_tumor_lod,possible_contamination	REJECT
chr17	21081609	GGGxCCT	C	A	15001181	none	0	NOVEL	COVERED	1	1	0	0	0	974	36	-263.144356	5.828521	1.079783	4.828625	0.005336	0.02	5.828521	904	932	5	33063	161	50	50	1	0	TT	-0.693147	0	0	0	0	0	0	0.401317	0.400083	(479,479,2,3)	111	0	15	0	0	fstar_tumor_lod,possible_contamination	REJECT
chr17	25443620	GTGxAAC	C	T	15001181	none	0	NOVEL	COVERED	1	1	0	0	0	960	20	-262.294159	6.701345	2.202838	6.439898	0.005325	0.02	6.701345	927	934	5	34357	178	50	50	0	0	TT	-0.693147	0	0	0	0	0	0	0.422766	0.385863	(457,516,2,4)	111	0	9	0	0	possible_contamination,clustered_read_position	REJECT
chr17	25602411	AGTxTTT	T	C	15001181	none	0	NOVEL	COVERED	1	1	0	0	0	974	23	2144.067786	2156.695495	1052.953543	1144.970254	0.62302	0.02	40.858991	932	357	590	12824	21477	50	50	1	0	TT	-0.693147	0	0	0	0	0	0	1	1	(175,195,281,322)	3	1	119	0	0	clustered_read_position	REJECT
chr17	25602476	AAAxTGA	C	A	15001181	none	0	NOVEL	COVERED	1	1	0	0	0	974	23	-255.95224	11.611604	6.967347	4.629848	0.007376	0.02	11.608508	939	942	7	34343	262	50	50	0	0	TT	-0.693147	0	0	0	0	0	0	0.63767	0.58248	(451,517,4,3)	78	0	45	0	0	possible_contamination	REJECT
chr17	25603498	GAAxTAT	C	A	15001181	none	0	NOVEL	COVERED	1	1	0	0	0	978	48	-238.563858	4.822887	8.654704	0	0.020452	0.02	4.664686	854	910	19	30798	315	50	50	0	0	TT	-0.693147	0	0	0	0	0	0	0.993837	0.991354	(443,489,19,0)	82	0	29	0	0	fstar_tumor_lod,possible_contamination,strand_artifact	REJECT
chr17	25604450	TGAxCTA	G	A	15001181	none	0	NOVEL	COVERED	1	1	0	0	0	997	34	-247.157196	3.557512	0	3.562759	0.017857	0.02	4.30484	765	935	17	26197	292	50	50	23	14	TT	-0.693147	0	0	0	0	0	0	0.999872	0.345786	(1,934,0,17)	10	0	114	0	0	fstar_tumor_lod,nearby_gap_events,possible_contamination,clustered_read_position	REJECT
chr17	25604451	GAGxTAA	C	A	15001181	none	0	NOVEL	COVERED	1	1	0	0	0	996	33	-223.792459	3.021331	0	3.030576	0.034006	0.02	2.3984	710	909	32	24305	422	50	50	22	15	TT	-0.693147	0	0	0	0	0	0	1	0.356532	(1,908,0,32)	11	0	113	0	0	fstar_tumor_lod,nearby_gap_events,possible_contamination	REJECT
chr17	25604452	AGCxAAA	T	A	15001181	none	0	NOVEL	COVERED	1	1	0	0	0	997	33	-214.074244	11.647872	0	11.658928	0.036803	0.02	13.683574	818	916	35	27535	546	50	50	563	18	TT	-0.693147	0	0	0	0	0	0	1	0.358394	(1,915,0,35)	12	0	112	0	0	nearby_gap_events,possible_contamination	REJECT
chr17	25604456	AAAxAAA	G	A	15001181	none	0	NOVEL	COVERED	1	1	0	0	0	998	34	-99.072837	70.090795	0	70.124136	0.087683	0.02	33.479663	762	874	84	24640	1488	50	50	560	13	TT	-0.693147	0	0	0	0	0	0	1	0.39225	(1,873,0,84)	16	0	108	0	0	nearby_gap_events	REJECT
chr17	25900488	ATAxCAT	T	C	15001181	none	0	NOVEL	COVERED	1	1	0	0	0	969	19	-4.837183	3.991474	4.082685	0	0.04878	0.02	16.449734	931	39	2	1295	65	50	50	0	0	TT	-0.693147	0	0	0	0	0	0	0.194247	0.670152	(35,4,2,0)	82	0	22	0	0	fstar_tumor_lod,possible_contamination	REJECT
chr17	25908579	AGCxGGC	T	C	15001181	none	0	NOVEL	COVERED	1	1	0	0	0	963	29	-129.796646	4.849138	0	6.935219	0.006329	0.02	7.700866	919	471	3	17042	113	50	50	0	0	TT	-0.693147	0	0	0	0	0	0	0.511876	0	(0,487,0,4)	96	0	2	0	0	fstar_tumor_lod,possible_contamination,clustered_read_position	REJECT
chr17	25909465	TATxTGC	C	T	15001181	none	0	NOVEL	COVERED	1	1	0	0	0	966	74	-238.083671	4.416657	4.461429	1.191937	0.013483	0.02	4.416657	822	878	12	29315	234	50	50	0	0	TT	-0.693147	0	0	0	0	0	0	0.914409	0.918846	(452,458,13,1)	43	0	63	0	0	fstar_tumor_lod,possible_contamination,strand_artifact	REJECT
chr17	25909468	CTGxGCC	C	T	15001181	none	0	NOVEL	COVERED	1	1	0	0	0	968	74	-232.676675	11.121664	8.839334	2.683563	0.011261	0.02	11.121664	821	878	10	28793	290	50	50	0	1	TT	-0.693147	0	0	0	0	0	0	0.839364	0.845498	(454,456,8,2)	46	0	60	0	0	possible_contamination	REJECT
chr17	25909528	AAAxCAG	C	A	15001181	none	0	NOVEL	COVERED	1	1	0	0	0	964	74	-215.400455	10.027612	17.191269	0	0.024747	0.02	9.245971	815	867	22	28979	411	50	50	0	0	TT	-0.693147	0	0	0	0	0	0	0.998012	0.998263	(440,459,26,0)	106	0	0	0	0	possible_contamination,clustered_read_position,strand_artifact	REJECT
chr17	37846895	GGCxATT	G	A	15001181	none	0	NOVEL	COVERED	1	1	0	0	0	964	45	-255.732157	6.769542	1.574878	5.977657	0.005447	0.02	6.769542	896	913	5	32069	178	50	50	0	0	TT	-0.693147	0	0	0	0	0	0	0.415764	0.403637	(465,483,2,4)	46	0	76	0	0	possible_contamination	REJECT
chr17	37851802	GTGxCTC	C	T	15001181	none	0	NOVEL	COVERED	1	1	0	0	0	985	30	-265.761579	7.446966	4.724902	2.81598	0.005241	0.02	7.444712	921	949	5	33903	186	50	50	0	0	TT	-0.693147	0	0	0	0	0	0	0.438287	0.348947	(412,552,3,2)	47	0	81	1	0	possible_contamination	REJECT
chr17	37864895	TGGxCAG	G	A	15001181	none	0	NOVEL	COVERED	1	1	0	0	0	946	29	-257.355185	4.930974	0.195152	4.904073	0.00547	0.02	4.930974	900	909	5	32813	152	50	50	0	0	TT	-0.693147	0	0	0	0	0	0	0.431764	0.402903	(460,503,1,4)	37	0	86	0	0	fstar_tumor_lod,possible_contamination	REJECT
chr17	37864905	CAGxCAG	G	A	15001181	none	0	NOVEL	COVERED	1	1	0	0	0	946	29	-250.827009	8.996425	2.77431	6.182834	0.00655	0.02	8.996425	901	910	6	32864	218	50	50	0	0	TT	-0.693147	0	0	0	0	0	0	0.547737	0.51189	(460,504,2,4)	47	0	76	0	0	possible_contamination	REJECT
chr17	37864915	CCGxGAA	G	A	15001181	none	0	NOVEL	COVERED	1	1	0	0	0	946	29	-257.897383	5.275091	4.71067	0.765849	0.005453	0.02	5.275091	896	912	5	32871	155	50	50	0	0	TT	-0.693147	0	0	0	0	0	0	0.429761	0.401042	(459,507,4,1)	80	0	45	0	0	fstar_tumor_lod,possible_contamination	REJECT
chr17	37868896	ATCxGTG	C	T	15001181	none	0	NOVEL	COVERED	1	1	0	0	0	973	28	-261.364102	7.61003	2.938026	4.605207	0.006356	0.02	7.61003	933	938	6	34319	198	50	50	0	0	TT	-0.693147	0	0	0	0	0	0	0.514618	0.506884	(477,488,3,3)	66	0	42	0	0	possible_contamination	REJECT
chr17	37871914	GTGxTGG	C	T	15001181	none	0	NOVEL	COVERED	1	1	0	0	0	984	31	-264.999239	7.647377	1.174927	6.840296	0.005252	0.02	7.647377	924	947	5	33427	188	50	50	0	0	TT	-0.693147	0	0	0	0	0	0	0.397029	0.389218	(477,486,1,4)	22	0	84	0	0	possible_contamination	REJECT
chr17	37872912	TTGxCAG	C	T	15001181	none	0	NOVEL	COVERED	1	1	0	0	0	938	67	-239.231084	7.693482	3.050899	4.500938	0.006889	0.02	7.693482	840	865	6	30657	197	50	50	0	0	TT	-0.693147	0	0	0	0	0	0	0.584787	0.508256	(419,507,2,5)	95	1	29	0	0	possible_contamination	REJECT
chr17	37876835	GGTxTGG	A	G	15001181	none	0	NOVEL	COVERED	1	1	0	0	0	970	34	2067.535976	2076.634853	1146.290737	972.229406	0.605348	0.02	38.374207	928	369	566	13503	20790	50	50	0	1	TT	-0.693147	0	0	0	0	0	0	1	1	(189,197,312,266)	26	0	92	0	0		KEEP
chr17	37882870	ATTxTCC	C	T	15001181	none	0	NOVEL	COVERED	1	1	0	0	0	941	34	-234.241651	14.345746	11.754953	2.782218	0.012128	0.02	14.345746	881	896	11	32193	333	50	50	0	0	TT	-0.693147	0	0	0	0	0	0	0.905645	0.871445	(449,506,7,4)	69	0	60	0	0	possible_contamination	REJECT
chr17	37882930	TGCxCCA	C	A	15001181	none	0	NOVEL	COVERED	1	1	0	0	0	941	34	-252.792388	6.414055	7.162337	-0.194419	0.005519	0.02	6.414055	889	901	5	32518	173	50	50	0	1	TT	-0.693147	0	0	0	0	0	0	0.438456	0.403313	(452,508,4,1)	129	0	0	0	0	possible_contamination,clustered_read_position	REJECT
chr17	37883675	CCAxGGG	A	T	15001181	none	0	NOVEL	COVERED	1	1	0	0	0	898	126	-212.279471	6.13339	0	6.13339	0.006502	0.02	6.130814	762	764	5	28163	167	50	50	0	86	TT	-0.693147	0	0	0	0	0	0	0.722712	0	(0,764,0,5)	123	0	0	0	0	fstar_tumor_lod,nearby_gap_events,possible_contamination,clustered_read_position	REJECT
chr19	3118886	GGCxCCA	G	A	15001181	none	0	NOVEL	COVERED	1	1	0	0	0	977	41	-136.569275	0	0	1.088266	0	0.02	5.927717	924	454	0	16511	0	50	0	0	0	TT	-0.693147	0	0	0	0	0	0	0.00368	0	(0,465,0,1)	n/a	n/a	n/a	n/a	0	fstar_tumor_lod,possible_contamination,poor_mapping_region_alternate_allele_mapq	REJECT
